1		86.80076324549226
2		86.80076324549226
3		18.231617107827507
4		2.311237654891233
5		0.34328844170134576
6		0.08580627908939312
7		0.07142027468692615
8		0.07107164634814113
9		0.07104170188930951
10		0.07101830819319858
11		0.07099505547796862
12		0.07097181144134569
13		0.07094857350703672
14		0.07092534160267426
15		0.07090211572889454
16		0.07087889588460909
17		0.07085568206948027
18		0.07083247428281579
19		0.07080927252395791
20		0.07078607679241151
21		0.07076288708753838
22		0.07073970340878839
23		0.0707165257554635
24		0.07069335412709138
25		0.07067018852298344
26		0.07064702894248094
27		0.07062387538514468
28		0.07060072785031807
29		0.07057758633733364
30		0.07055445084559407
31		0.07053132137457277
32		0.07050819792363612
33		0.07048508049220802
34		0.0704619690796369
35		0.07043886368534848
36		0.07041576430876052
37		0.07039267094919124
38		0.07036958360606234
39		0.07034650227882484
40		0.07032342696674944
41		0.07030035766940612
42		0.07027729438605539
43		0.07025423711619382
44		0.07023118585904205
45		0.07020814061408852
46		0.07018510138083144
47		0.07016206815850136
48		0.07013904094660013
49		0.07011601974437202
50		0.07009300455136852
51		0.07006999536688713
52		0.070046992190289
53		0.07002399502106961
54		0.07000100385849868
55		0.06997801870207178
56		0.06995503955103649
57		0.06993206640488839
58		0.06990909926298187
59		0.06988613812466762
60		0.06986318298932973
61		0.06984023385646344
62		0.06981729072532382
63		0.0697943535953444
64		0.0697714224659012
65		0.06974849733635219
66		0.06972557820606139
67		0.06970266507447792
68		0.06967975794093781
69		0.06965685680486824
70		0.06963396166555348
71		0.06961107252242073
72		0.06958818937481155
73		0.06956531222216673
74		0.0695424410638557
75		0.0695195758992021
76		0.06949671672763268
77		0.0694738635484431
78		0.06945101636112748
79		0.06942817516492387
80		0.06940533995930044
81		0.06938251074360613
82		0.06935968751717225
83		0.06933687027942485
84		0.06931405902978639
85		0.06929125376741897
86		0.06926845449188972
87		0.06924566120248964
88		0.06922287389863686
89		0.06920009257962627
90		0.06917731724490361
91		0.06915454789375376
92		0.06913178452562434
93		0.06910902713972664
94		0.0690862757357086
95		0.06906353031263647
96		0.06904079087005682
97		0.06901805740719477
98		0.06899532992355911
99		0.06897260841850346
100		0.06894989289128456
101		0.06892718334133348
102		0.06890447976794843
103		0.06888178217060613
104		0.06885909054859063
105		0.0688364049012574
106		0.06881372522790638
107		0.06879105152807154
108		0.06876838380092956
109		0.06874572204592327
110		0.06872306626240364
111		0.06870041644971432
112		0.06867777260724768
113		0.06865513473428757
114		0.0686325028302565
115		0.06860987689444968
116		0.06858725692632354
117		0.06856464292515904
118		0.06854203489025781
119		0.06851943282101017
120		0.06849683671686993
121		0.06847424657705886
122		0.06845166240096115
123		0.06842908418795522
124		0.06840651193735796
125		0.06838394564861082
126		0.06836138532088182
127		0.06833883095365031
128		0.06831628254626666
129		0.06829374009806888
130		0.06827120360832596
131		0.06824867307642997
132		0.06822614850188138
133		0.06820362988372074
134		0.06818111722151864
135		0.06815861051450958
136		0.06813610976213896
137		0.0681136149636691
138		0.06809112611851544
139		0.06806864322594212
140		0.06804616628531697
141		0.0680236952959677
142		0.06800123025729753
143		0.06797877116855676
144		0.06795631802920003
145		0.06793387083843183
146		0.06791142959565968
147		0.06788899430028572
148		0.0678665649514912
149		0.06784414154871427
150		0.06782172409135215
151		0.06779931257860505
152		0.06777690700992718
153		0.06775450738455877
154		0.06773211370191794
155		0.06770972596127241
156		0.06768734416194558
157		0.06766496830336176
158		0.06764259838475636
159		0.0676202344054964
160		0.06759787636493472
161		0.067575524262398
162		0.06755317809722731
163		0.06753083786867912
164		0.0675085035761849
165		0.0674861752190285
166		0.0674638527964774
167		0.0674415363079879
168		0.06741922575281802
169		0.0673969211302159
170		0.06737462243964658
171		0.06735232968039911
172		0.06733004285175617
173		0.06730776195304791
174		0.0672854869836092
175		0.06726321794282944
176		0.06724095482995365
177		0.06721869764431009
178		0.06719644638522959
179		0.06717420105204314
180		0.0671519616441198
181		0.06712972816073308
182		0.06710750060117189
183		0.06708527896473256
184		0.06706306325093968
185		0.06704085345884225
186		0.06701864958791702
187		0.06699645163744021
188		0.06697425960679498
189		0.06695207349518296
190		0.06692989330204159
191		0.06690771902657341
192		0.06688555066821979
193		0.06686338822619438
194		0.06684123169980588
195		0.06681908108834342
196		0.06679693639133609
197		0.06677479760786378
198		0.06675266473734676
199		0.06673053777908838
200		0.06670841673232432
201		0.0666863015964497
202		0.06666419237078032
203		0.06664208905457751
204		0.06661999164720288
205		0.06659790014796547
206		0.06657581455610745
207		0.06655373487097788
208		0.06653166109185035
209		0.06650959321810727
210		0.06648753124904913
211		0.0664654751839062
212		0.066443425022082
213		0.06642138076277454
214		0.06639934240539191
215		0.06637730994912443
216		0.06635528339337247
217		0.0663332627374352
218		0.06631124798063368
219		0.0662892391221256
220		0.06626723616144133
221		0.06624523909769815
222		0.0662232479302794
223		0.06620126265844749
224		0.06617928328160776
225		0.06615730979887155
226		0.06613534220968502
227		0.06611338051332125
228		0.06609142470902177
229		0.06606947479618869
230		0.06604753077402505
231		0.066025592641892
232		0.06600366039900395
233		0.06598173404481372
234		0.06595981357839421
235		0.06593789899926247
236		0.06591599030659435
237		0.0658940874996917
238		0.06587219057789022
239		0.06585029954043319
240		0.06582841438659154
241		0.06580653511576312
242		0.06578466172720251
243		0.06576279422015091
244		0.0657409325939288
245		0.06571907684781277
246		0.06569722698112695
247		0.06567538299313652
248		0.0656535448831473
249		0.06563171265042636
250		0.0656098862942941
251		0.06558806581402676
252		0.06556625120892454
253		0.06554444247820847
254		0.0655226396212449
255		0.06550084263726025
256		0.06547905152562278
257		0.06545726628551478
258		0.06543548691632271
259		0.06541371341723269
260		0.06539194578757392
261		0.06537018402669427
262		0.06534842813373382
263		0.06532667810813046
264		0.06530493394905539
265		0.06528319565579921
266		0.06526146322771345
267		0.065239736664052
268		0.06521801596410742
269		0.06519630112706912
270		0.06517459215232357
271		0.06515288903910611
272		0.06513119178662098
273		0.06510950039427651
274		0.06508781486136155
275		0.06506613518699178
276		0.06504446137061427
277		0.06502279341139637
278		0.06500113130866354
279		0.06497947506163815
280		0.06495782466969559
281		0.06493618013204348
282		0.0649145414479485
283		0.06489290861668817
284		0.0648712816375807
285		0.0648496605097969
286		0.06482804523278192
287		0.0648064358056439
288		0.0647848322276569
289		0.06476323449821803
290		0.06474164261654788
291		0.06472005658187988
292		0.06469847639344366
293		0.06467690205063642
294		0.06465533355264359
295		0.06463377089873176
296		0.06461221408821156
297		0.06459066312029425
298		0.06456911799427204
299		0.06454757870942986
300		0.06452604526501206
301		0.06450451766026487
302		0.06448299589453015
303		0.06446147996701179
304		0.06443996987692652
305		0.06441846562367888
306		0.06439696720644504
307		0.06437547462445832
308		0.06435398787704227
309		0.06433250696341529
310		0.06431103188286061
311		0.06428956263462056
312		0.06426809921798364
313		0.0642466416322107
314		0.06422518987652223
315		0.06420374395024711
316		0.06418230385256352
317		0.06416086958274328
318		0.06413944114014673
319		0.06411801852390595
320		0.06409660173338659
321		0.06407519076770782
322		0.06405378562623372
323		0.06403238630818829
324		0.06401099281287097
325		0.06398960513942131
326		0.06396822328721617
327		0.06394684725547582
328		0.0639254770434482
329		0.06390411265030221
330		0.06388275407545538
331		0.06386140131798798
332		0.06384005437729173
333		0.06381871325256122
334		0.0637973779430463
335		0.06377604844798943
336		0.06375472476671595
337		0.06373340689832295
338		0.06371209484220389
339		0.0636907885975313
340		0.06366948816354237
341		0.06364819353959533
342		0.06362690472481491
343		0.06360562171853217
344		0.06358434451991021
345		0.06356307312827848
346		0.06354180754289215
347		0.06352054776285923
348		0.06349929378755158
349		0.06347804561622988
350		0.06345680324799136
351		0.06343556668223128
352		0.06341433591816305
353		0.06339311095494614
354		0.06337189179194475
355		0.06335067842832426
356		0.06332947086334911
357		0.06330826909621269
358		0.0632870731262196
359		0.06326588295261316
360		0.06324469857455821
361		0.06322351999138798
362		0.06320234720230802
363		0.06318118020648933
364		0.06316001900327416
365		0.06313886359181653
366		0.06311771397141681
367		0.06309657014135017
368		0.06307543210062048
369		0.06305429984877245
370		0.06303317338489013
371		0.06301205270818722
372		0.06299093781800767
373		0.0629698287134117
374		0.0629487253937716
375		0.06292762785830405
376		0.06290653610622604
377		0.0628854501367124
378		0.06286436994911689
379		0.06284329554260808
380		0.06282222691632428
381		0.06280116406973481
382		0.0627801070018138
383		0.06275905571187618
384		0.06273801019921045
385		0.06271697046301793
386		0.06269593650255588
387		0.06267490831697344
388		0.06265388590558377
389		0.06263286926749702
390		0.06261185840213743
391		0.06259085330855019
392		0.06256985398602294
393		0.06254886043379541
394		0.06252787265105311
395		0.06250689063710602
396		0.06248591439106053
397		0.06246494391225062
398		0.06244397919983259
399		0.06242302025307913
400		0.06240206707114127
401		0.06238111965337523
402		0.06236017799886183
403		0.062339242106873784
404		0.062318311976689245
405		0.06229738760741943
406		0.0622764689983868
407		0.06225555614874432
408		0.0622346490576858
409		0.06221374772453917
410		0.06219285214848942
411		0.06217196232869315
412		0.062151078264390355
413		0.062130199954885224
414		0.062109327399279206
415		0.06208846059687739
416		0.06206759954684526
417		0.06204674424834049
418		0.06202589470071868
419		0.06200505090312426
420		0.061984212854732615
421		0.06196338055485956
422		0.06194255400261041
423		0.06192173319732677
424		0.06190091813808281
425		0.06188010882412968
426		0.061859305254778035
427		0.06183850742907015
428		0.06181771534642614
429		0.06179692900587292
430		0.06177614840673497
431		0.061755373548172614
432		0.06173460442938034
433		0.06171384104965033
434		0.06169308340809339
435		0.06167233150396376
436		0.0616515853365215
437		0.061630844904865235
438		0.061610110208316575
439		0.06158938124599116
440		0.0615686580171421
441		0.061547940520964156
442		0.061527228756633336
443		0.06150652272345089
444		0.06148582242048279
445		0.061465127847126426
446		0.0614444390023864
447		0.06142375588555704
448		0.06140307849581281
449		0.061382406832497995
450		0.061361740894637654
451		0.0613410806814322
452		0.061320426192270384
453		0.06129977742617093
454		0.061279134382381854
455		0.06125849706016371
456		0.061237865458644826
457		0.061217239577137095
458		0.06119661941468166
459		0.06117600497055417
460		0.06115539624394502
461		0.06113479323415569
462		0.06111419594019338
463		0.06109360436142818
464		0.06107301849694943
465		0.06105243834599894
466		0.06103186390774479
467		0.06101129518144266
468		0.06099073216622316
469		0.060970174861346996
470		0.06094962326599277
471		0.06092907737931351
472		0.06090853720047205
473		0.06088800272875558
474		0.06086747396337338
475		0.060846950903497614
476		0.060826433548172916
477		0.06080592189676718
478		0.060785415948397266
479		0.060764915702268
480		0.060744421157642246
481		0.06072393231356353
482		0.0607034491693327
483		0.06068297172416129
484		0.06066249997710506
485		0.06064203392752841
486		0.06062157357445429
487		0.06060111891716328
488		0.06058066995487919
489		0.06056022668671784
490		0.06053978911188766
491		0.06051935722959395
492		0.0604989310389697
493		0.06047851053931626
494		0.06045809572969981
495		0.06043768660935842
496		0.06041728317746814
497		0.06039688543322571
498		0.06037649337576289
499		0.0603561070043709
500		0.060335726318136836
501		0.060315351316291996
502		0.060294981998002546
503		0.060274618362492996
504		0.06025426040887465
505		0.0602339081363137
506		0.06021356154409849
507		0.06019322063135911
508		0.06017288539727074
509		0.06015255584096365
510		0.060132231961750285
511		0.060111913758694166
512		0.06009160123100822
513		0.060071294377877976
514		0.06005099319847691
515		0.06003069769194964
516		0.06001040785760178
517		0.05999012369443875
518		0.0599698452017272
519		0.05994957237869743
520		0.05992930522439961
521		0.059909043738110714
522		0.05988878791895141
523		0.05986853776614894
524		0.05984829327886351
525		0.059828054456157735
526		0.05980782129743917
527		0.059787593801619174
528		0.05976737196804395
529		0.05974715579584971
530		0.059726945284190355
531		0.059706740432303625
532		0.059686541239237084
533		0.05966634770420991
534		0.05964615982647887
535		0.05962597760510351
536		0.05960580103932209
537		0.05958563012829893
538		0.05956546487117621
539		0.059545305267132094
540		0.05952515131534494
541		0.05950500301498964
542		0.059484860365220577
543		0.05946472336521437
544		0.05944459201412887
545		0.05942446631117552
546		0.05940434625544509
547		0.05938423184613369
548		0.05936412308244204
549		0.059344019963535305
550		0.05932392248853929
551		0.059303830656637614
552		0.059283744466961476
553		0.059263663918744706
554		0.059243589011092536
555		0.05922351974319963
556		0.05920345611422602
557		0.05918339812332196
558		0.05916334576966827
559		0.059143299052440985
560		0.05912325797070968
561		0.05910322252376012
562		0.059083192710699735
563		0.059063168530744246
564		0.05904314998291162
565		0.059023137066447004
566		0.05900312978056808
567		0.05898312812434949
568		0.05896313209700075
569		0.058943141697641324
570		0.05892315692543763
571		0.058903177779617906
572		0.05888320425924347
573		0.05886323636351357
574		0.058843274091536286
575		0.058823317442583005
576		0.058803366415761824
577		0.058783421010179304
578		0.058763481224999116
579		0.058743547059451014
580		0.058723618512590746
581		0.05870369558361736
582		0.05868377827173794
583		0.058663866575995496
584		0.05864396049564644
585		0.058624060029789433
586		0.05860416517762937
587		0.05858427593822367
588		0.05856439231079316
589		0.05854451429447746
590		0.05852464188845292
591		0.05850477509190063
592		0.058484913903797765
593		0.05846505832347352
594		0.05844520834998385
595		0.05842536398258925
596		0.05840552522033582
597		0.058385692062432756
598		0.05836586450791068
599		0.05834604255610073
600		0.05832622620598393
601		0.05830641545680929
602		0.0582866103077398
603		0.05826681075782886
604		0.05824701680627438
605		0.05822722845222192
606		0.058207445694816416
607		0.058187668533187055
608		0.058167896966543654
609		0.05814813099402371
610		0.0581283706146023
611		0.05810861582764977
612		0.05808886663219332
613		0.05806912302737684
614		0.05804938501240213
615		0.05802965258631425
616		0.05800992574840336
617		0.05799020449768709
618		0.057970488833372726
619		0.0579507787545437
620		0.05793107426036844
621		0.057911375350038465
622		0.05789168202258273
623		0.05787199427725688
624		0.057852312113127476
625		0.05783263552931823
626		0.05781296452510592
627		0.05779329909946569
628		0.057773639251686985
629		0.05775398498073356
630		0.05773433628586992
631		0.05771469316620887
632		0.057695055620856195
633		0.057675423648957204
634		0.057655797249742645
635		0.05763617642218007
636		0.05761656116554524
637		0.0575969514789182
638		0.057577347361391876
639		0.057557748812240773
640		0.05753815583042779
641		0.05751856841518602
642		0.05749898656561311
643		0.057479410280912094
644		0.05745983956017433
645		0.05744027440244037
646		0.057420714806946896
647		0.05740116077285
648		0.057381612299253
649		0.0573620693852015
650		0.05734253202999013
651		0.0573230002325393
652		0.05730347399222408
653		0.05728395330801823
654		0.057264438179036405
655		0.05724492860447762
656		0.05722542458344566
657		0.05720592611512822
658		0.05718643319853445
659		0.05716694583286654
660		0.05714746401724166
661		0.057127987750820494
662		0.05710851703265745
663		0.05708905186201458
664		0.05706959223781179
665		0.05705013815936565
666		0.057030689625745576
667		0.057011246635969695
668		0.05699180918928919
669		0.05697237728480728
670		0.05695295092163078
671		0.056933530098927425
672		0.056914114815787994
673		0.05689470507125197
674		0.056875300864648065
675		0.056855902194872916
676		0.05683650906117654
677		0.05681712146265678
678		0.0567977393984835
679		0.05677836286771115
680		0.056758991869410164
681		0.05673962640287313
682		0.05672026646707101
683		0.05670091206120154
684		0.05668156318438228
685		0.05666221983567928
686		0.056642882014219915
687		0.05662354971920227
688		0.056604222949676666
689		0.056584901704812396
690		0.056565585983605476
691		0.05654627578529281
692		0.05652697110903754
693		0.05650767195383583
694		0.05648837831883657
695		0.05646909020314698
696		0.05644980760600445
697		0.056430530526373326
698		0.05641125896341892
699		0.05639199291629542
700		0.0563727323840236
701		0.05635347736583983
702		0.05633422786081326
703		0.05631498386802294
704		0.056295745386684456
705		0.05627651241574194
706		0.056257284954454666
707		0.056238063001834517
708		0.0562188465571457
709		0.05619963561926992
710		0.05618043018753778
711		0.05616123026098688
712		0.0561420358386569
713		0.0561228469197483
714		0.056103663503361885
715		0.05608448558853757
716		0.056065313174482566
717		0.056046146260292994
718		0.05602698484502837
719		0.05600782892783179
720		0.05598867850772419
721		0.05596953358397611
722		0.05595039415562935
723		0.05593126022172954
724		0.05591213178137524
725		0.05589300883384683
726		0.05587389137807559
727		0.05585477941322481
728		0.055835672938372646
729		0.055816571952766
730		0.05579747645532386
731		0.05577838644526124
732		0.05575930192162276
733		0.05574022288356263
734		0.05572114933016403
735		0.05570208126060406
736		0.05568301867385521
737		0.055663961569158864
738		0.05564490994548288
739		0.05562586380199018
740		0.05560682313780487
741		0.05558778795208504
742		0.05556875824375415
743		0.05554973401210062
744		0.05553071525617031
745		0.055511701975033176
746		0.05549269416777236
747		0.05547369183355937
748		0.055454694971414545
749		0.05543570358050652
750		0.05541671765987512
751		0.05539773720873905
752		0.05537876222608866
753		0.055359792711025126
754		0.0553408286627143
755		0.055321870080142076
756		0.0553029169626032
757		0.05528396930895302
758		0.05526502711850269
759		0.05524609039021605
760		0.05522715912324474
761		0.05520823331667822
762		0.05518931296961708
763		0.05517039808112202
764		0.055151488650316334
765		0.05513258467634602
766		0.055113686158177126
767		0.055094793095063425
768		0.055075905486055204
769		0.05505702333012136
770		0.05503814662653756
771		0.05501927537423792
772		0.05500040957248183
773		0.054981549220218286
774		0.054962694316623054
775		0.05494384486070986
776		0.054925000851677216
777		0.05490616228854225
778		0.05488732917045843
779		0.054868501496415964
780		0.05484967926565722
781		0.05483086247709152
782		0.05481205112994922
783		0.05479324522328924
784		0.05477444475622769
785		0.054755649727759814
786		0.054736860137058
787		0.054718075983244775
788		0.054699297265275316
789		0.05468052398237603
790		0.054661756133520895
791		0.054642993717902995
792		0.054624236734572305
793		0.05460548518263179
794		0.05458673906104022
795		0.05456799836913378
796		0.05454926310575395
797		0.0545305332701296
798		0.05451180886134239
799		0.05449308987841474
800		0.05447437632049492
801		0.05445566818653316
802		0.054436965475819776
803		0.054418268187317535
804		0.0543995763201612
805		0.054380889873381556
806		0.05436220884612593
807		0.054343533237446645
808		0.05432486304643502
809		0.05430619827209826
810		0.05428753891365516
811		0.054268884970112945
812		0.05425023644055897
813		0.05423159332410518
814		0.054212955619798574
815		0.05419432332667982
816		0.05417569644398218
817		0.054157074970607795
818		0.05413845890577312
819		0.05411984824851842
820		0.054101242997806415
821		0.054082643152958285
822		0.054064048712840526
823		0.05404545967661755
824		0.054026876043400916
825		0.054008297812276285
826		0.05398972498218339
827		0.05397115755238961
828		0.05395259552180598
829		0.05393403888957478
830		0.05391548765482796
831		0.05389694181665955
832		0.053878401374037134
833		0.05385986632607142
834		0.053841336671876884
835		0.053822812410522426
836		0.05380429354106342
837		0.05378578006265067
838		0.05376727197424018
839		0.053748769274934646
840		0.053730271963906305
841		0.053711780040137276
842		0.05369329350270789
843		0.05367481235074542
844		0.05365633658327305
845		0.053637866199403306
846		0.05361940119820634
847		0.053600941578732846
848		0.0535824873401034
849		0.053564038481284076
850		0.05354559500142732
851		0.05352715689961761
852		0.05350872417493333
853		0.053490296826380804
854		0.05347187485310663
855		0.0534534582541006
856		0.053435047028491583
857		0.053416641175372225
858		0.05339824069376448
859		0.05337984558273547
860		0.05336145584138
861		0.05334307146878353
862		0.05332469246401382
863		0.05330631882607953
864		0.05328795055407746
865		0.053269587647166175
866		0.053251230104286916
867		0.05323287792460765
868		0.053214531107116596
869		0.05319618965091409
870		0.053177853555036896
871		0.05315952281864456
872		0.05314119744070767
873		0.053122877420322394
874		0.05310456275658658
875		0.053086253448576995
876		0.053067949495275386
877		0.05304965089580409
878		0.05303135764922821
879		0.05301306975465991
880		0.05299478721108725
881		0.05297651001759986
882		0.05295823817319543
883		0.05293997167706203
884		0.052921710528235306
885		0.05290345472574492
886		0.05288520426867798
887		0.052866959156016184
888		0.05284871938696502
889		0.052830484960463844
890		0.05281225587564563
891		0.052794032131545654
892		0.052775813727245664
893		0.05275760066177787
894		0.052739392934206396
895		0.05272119054361665
896		0.05270299348909116
897		0.05268480176958828
898		0.05266661538431954
899		0.052648434332249666
900		0.05263025861241034
901		0.05261208822393613
902		0.05259392316588754
903		0.05257576343722546
904		0.0525576090371634
905		0.052539459964639976
906		0.05252131621868288
907		0.052503177798487975
908		0.052485044703033445
909		0.05246691693140651
910		0.05244879448260208
911		0.0524306773557713
912		0.052412565549838246
913		0.05239445906402991
914		0.05237635789721778
915		0.05235826204867304
916		0.052340171517253516
917		0.052322086302158226
918		0.05230400640227884
919		0.052285931816853516
920		0.0522678625448726
921		0.05224979858537194
922		0.0522317399374177
923		0.05221368660004156
924		0.052195638572312957
925		0.052177595853269865
926		0.05215955844202134
927		0.052141526337567655
928		0.052123499538986456
929		0.05210547804534795
930		0.05208746185561949
931		0.052069450968959485
932		0.05205144538432807
933		0.0520334451009515
934		0.052015450117672356
935		0.05199746043358759
936		0.05197947604787697
937		0.05196149695941053
938		0.05194352316743101
939		0.051925554670858104
940		0.05190759146878807
941		0.051889633560214025
942		0.05187168094428492
943		0.051853733619939814
944		0.051835791586362985
945		0.051817854842428464
946		0.051799923387325295
947		0.05178199722006857
948		0.051764076339703834
949		0.0517461607452723
950		0.05172825043579398
951		0.05171034541042697
952		0.05169244566809618
953		0.05167455120789619
954		0.05165666202891437
955		0.05163877813007019
956		0.05162089951055845
957		0.05160302616934874
958		0.05158515810552755
959		0.05156729531809189
960		0.05154943780612198
961		0.051531585568641576
962		0.051513738604752286
963		0.051495896913462076
964		0.051478060493770926
965		0.05146022934475964
966		0.051442403465464484
967		0.05142458285501054
968		0.05140676751234627
969		0.05138895743650836
970		0.05137115262664651
971		0.05135335308160972
972		0.05133555880075604
973		0.05131776978276933
974		0.05129998602694102
975		0.051282207532287384
976		0.05126443429768807
977		0.05124666632235497
978		0.05122890360523794
979		0.05121114614545934
980		0.051193393941972226
981		0.05117564699391045
982		0.051157905300237574
983		0.05114016886002464
984		0.051122437672295615
985		0.05110